61 70 107 89 97 65 255 186 162 138
61 70 107 89 97 65 255 185 162 139
61 70 107 89 97 65 255 186 162 135
47 58 108 87 97 51 255 182 231 185
57 66 107 88 97 63 255 188 171 142
62 71 107 89 97 66 255 188 162 133
62 71 104 88 97 66 255 186 162 135
57 65 103 86 94 61 255 185 105 93
52 57 103 89 95 54 255 186 65 62
35 38 100 91 95 36 255 180 27 29
33 36 89 81 84 34 255 179 16 23
35 37 84 76 80 35 255 174 24 25
32 34 93 85 88 33 255 179 16 23
32 35 100 90 95 33 255 174 30 30
47 50 116 105 110 48 255 183 33 36
53 57 121 109 115 55 255 188 48 48
52 57 121 109 114 53 255 189 60 59
60 66 125 109 116 64 255 187 112 76
65 73 130 113 121 68 255 187 136 121
53 65 139 123 132 56 255 185 260 208
81 99 120 94 106 89 255 184 468 244
82 105 101 70 84 93 255 183 713 545
84 113 98 63 79 98 255 182 1050 819
92 119 98 60 78 106 255 193 1131 906
87 118 102 66 83 99 255 182 1116 817
70 95 108 77 91 82 255 181 660 493
54 72 99 74 85 62 255 182 450 349
45 51 104 89 96 48 255 182 200 171
50 55 97 84 90 52 255 186 65 62
38 42 92 80 86 39 255 181 44 48
25 29 88 78 82 29 255 185 33 38
29 32 89 80 84 30 255 175 27 30
33 36 86 78 82 34 255 178 16 23
30 32 88 81 84 31 255 172 16 21
33 34 95 91 94 32 255 194 7 15
31 33 99 93 96 32 255 163 12 18
26 28 84 78 80 23 255 19 12 17
26 29 81 75 78 29 194 140 12 19
31 33 82 75 78 31 255 163 14 20
29 32 88 80 83 30 255 155 14 21
30 33 90 83 86 31 255 176 14 21
30 33 85 77 80 31 255 179 24 27
31 34 78 70 73 32 255 179 24 29
29 33 72 64 68 32 255 181 32 25
25 27 113 106 109 26 255 174 24 24
31 34 135 128 131 32 255 169 21 24
35 38 145 137 140 36 255 178 32 28
29 32 117 108 112 30 255 195 27 35
33 36 106 94 99 34 255 186 44 43
37 41 95 86 92 40 255 190 40 46
35 41 103 89 96 37 255 189 84 83
35 42 103 87 94 38 255 188 112 108
44 53 106 90 98 48 255 182 144 139
57 71 108 87 97 63 255 179 330 297
66 84 110 85 97 78 255 180 450 413
75 98 114 85 99 87 255 180 667 591
81 106 113 82 97 93 255 181 775 689
82 108 113 82 97 94 255 182 806 741
80 108 113 81 97 93 255 181 896 775
61 81 106 80 92 70 255 179 520 449
59 77 107 83 95 67 255 178 432 394
58 76 107 82 94 66 255 179 475 428
51 65 88 68 78 57 255 182 280 240
43 52 117 102 109 47 255 184 135 109
36 42 119 105 109 38 255 186 78 74
35 39 110 101 105 37 255 177 44 51
20 23 111 102 106 23 255 188 30 33
33 35 108 100 104 34 255 193 16 25
45 47 101 94 98 46 255 164 21 21
44 46 125 118 121 44 255 172 12 18
48 50 145 139 142 48 255 176 12 18
54 57 160 154 156 55 255 183 10 16
51 53 149 142 145 50 255 167 21 22
37 40 51 73 77 38 255 179 24 28
40 44 65 59 63 43 255 186 24 28
45 48 76 67 71 47 255 187 27 31
49 54 70 59 64 52 255 179 36 37
54 59 68 57 62 56 255 185 55 58
55 61 71 58 64 57 255 189 78 79
63 73 82 64 72 67 255 183 120 113
69 82 93 81 81 75 255 182 286 237
73 90 95 70 82 82 255 181 494 393
79 103 102 72 86 92 255 181 744 578
87 114 104 71 86 99 255 181 891 707
86 110 106 77 92 96 255 182 713 543
90 107 118 93 105 98 255 183 425 341
58 74 137 120 130 63 255 184 315 252
51 63 131 110 120 55 255 183 252 191
46 55 109 90 99 49 255 187 152 134
51 59 105 88 96 52 255 183 136 113
59 66 104 89 96 62 255 185 112 101
59 66 105 90 97 62 255 186 112 93
63 69 105 90 97 63 255 186 112 95
73 79 107 92 99 75 255 186 84 77
73 79 108 94 100 75 255 186 84 78
71 77 108 94 100 74 255 187 84 80
130 26 148 51 137 25 217 80 1 1
130 26 145 47 137 25 81 81 1 1
130 24 147 45 129 41 253 148 156 964
114 17 119 31 90 31 255 151 202 1520
127 71 127 72 62 69 255 150 226 1768
84 75 87 78 13 50 255 151 224 1
48 90 51 93 47 92 182 120 22 28
60 86 64 90 47 20 195 131 22 28
81 86 89 88 14 53 255 153 228 1503
103 89 103 91 22 57 255 150 239 1890
143 77 147 79 75 36 255 154 237 1935
147 70 151 74 750 17 255 159 219 1894
158 71 163 75 88 25 255 155 249 19
184 83 166 38 143 31 255 150 220 1677
183 14 187 44 184 29 160 104 89 166
34 58 35 58 35 57 86 83 3 3
61 90 62 93 66 55 98 88 7 7
67 84 67 85 74 48 96 86 13 13
78 73 78 80 79 42 255 87 14 14
72 74 70 76 84 40 99 88 14 14
66 66 67 65 82 32 255 196 40 81
82 30 82 34 82 32 90 87 5 5
93 35 93 35 93 35 81 81 1 1
90 44 90 44 90 44 81 81 1 1
0 89 1 82 5 65 255 156 157 554
94 77 95 79 17 59 255 151 242 1831
65 89 65 89 51 42 255 158 273 2514
71 72 71 72 59 23 255 157 274 2779
136 62 143 67 48 65 234 163 231 2016
135 68 139 72 47 18 234 164 250 2435
136 70 143 75 53 76 255 163 259 2489
84 82 84 82 82 33 255 157 284 2776
187 12 187 12 175 42 255 154 239 1839
164 71 164 71 167 66 89 83 30 41
29 39 29 46 29 42 89 84 8 6
40 92 40 91 46 47 95 90 10 10
57 89 57 89 72 45 88 84 9 9
93 77 93 77 85 43 190 125 34 36
137 72 137 72 164 13 80 159 15 18
158 26 161 44 174 12 101 91 56 10
137 29 141 46 155 15 102 91 9 9
81 85 81 85 155 12 81 80 4 4
79 76 79 79 104 39 81 86 15 17
83 74 83 75 143 10 80 86 42 1
132 67 132 67 143 0 81 80 2 2
97 56 97 57 103 12 255 198 42 83
76 60 77 64 76 19 255 199 44 121
75 63 76 65 74 21 255 194 53 3
72 62 72 63 72 19 255 89 4 1
117 73 117 73 90 18 80 80 3 9
107 76 107 76 118 6 84 81 20 27
119 75 124 79 152 40 97 87 24 24
38 38 44 60 30 54 255 150 60 190
67 44 72 65 57 58 255 152 141 736
80 38 86 48 69 53 234 152 144 4
182 79 182 80 185 43 228 151 124 47
28 84 28 84 27 84 84 84 2 2
19 95 19 97 18 95 97 89 5 7
39 82 39 82 43 81 152 114 10 11
77 87 84 90 12 30 83 83 1 1
132 84 133 86 45 52 255 155 272 2645
175 13 185 43 164 37 252 148 250 12
183 14 187 62 182 36 186 127 120 436
184 17 187 55 185 30 112 90 68 85
30 84 30 84 36 47 93 87 6 6
37 86 38 88 44 50 92 86 9 9
38 89 38 89 50 46 94 89 14 14
45 82 46 84 36 48 255 195 53 148
45 86 43 89 89 71 255 86 8 8
41 88 42 91 95 17 85 82 20 27
110 76 110 76 114 65 88 80 12 1
47 70 47 73 66 3 80 80 2 2
47 80 48 84 113 25 255 80 2 6
52 86 52 88 110 13 86 82 23 26
120 91 123 86 121 43 81 80 15 24
102 81 103 83 139 23 84 81 18 20
100 85 100 87 133 27 84 81 18 18
62 102 62 103 126 31 86 81 37 43
73 93 72 95 128 45 85 82 27 31
93 80 94 81 145 22 95 87 42 4
132 81 132 84 147 34 85 82 9 9
24 44 24 44 14 61 255 146 143 783
49 35 49 35 36 51 230 148 157 914
101 74 101 74 38 53 101 148 206 147
104 74 109 74 39 52 254 149 241 1891
75 87 75 87 42 40 229 148 315 3169
65 105 65 105 23 43 228 153 366 4255
77 68 77 69 1 34 145 107 148 188
57 71 57 72 51 72 191 119 19 22
30 101 30 101 34 99 187 128 19 23
44 94 47 98 43 96 185 121 23 30
48 90 48 90 33 11 96 96 1 1
113 60 121 65 29 16 231 158 234 1895
96 55 106 60 19 12 222 155 189 1142
90 39 99 42 12 7 198 134 126 418
89 36 96 40 11 6 200 129 123 313
40 46 115 102 108 43 255 187 78 75
37 42 121 109 114 40 255 190 60 58
38 42 126 115 120 40 255 189 44 50
39 43 130 120 124 41 255 186 40 46
39 43 128 117 122 40 255 192 44 48
38 45 98 84 90 41 255 184 98 87
44 52 83 68 75 48 255 184 128 118
48 57 84 68 76 53 255 182 144 131
51 61 95 78 86 57 255 180 180 158
52 64 101 81 90 57 255 178 240 202 
55 69 90 68 78 61 255 181 308 274
62 81 80 56 67 70 255 181 480 393
84 111 64 38 51 96 255 184 728 629 
95 119 61 34 47 107 255 194 648 588
94 119 109 68 87 108 255 194 1092 878
95 119 115 71 92 109 255 193 1056 833
96 119 113 69 90 109 255 193 1012 810
84 116 103 66 83 99 255 183 1116 810
60 77 120 94 106 68 255 183 400 319
63 78 127 103 115 70 255 184 384 297
71 87 164 147 155 79 255 184 272 225
74 91 168 152 160 82 255 185 272 216
68 85 156 132 142 75 255 183 396 318
56 78 128 99 106 65 255 181 660 508
55 77 97 68 79 67 255 182 609 461
59 77 87 62 74 68 255 181 408 326
58 69 89 69 78 63 255 184 190 161
49 58 102 84 92 50 255 183 162 129
42 49 108 92 99 45 255 184 112 100
39 45 115 101 108 41 255 188 70 66
37 41 104 91 97 39 255 187 52 56
39 44 80 68 73 41 255 188 65 57
44 50 58 46 51 47 255 184 72 56
47 54 57 45 50 50 255 185 72 62
94 119 99 60 78 108 255 195 975 819
58 68 51 42 48 55 255 184 112 83
62 73 50 34 41 67 255 190 176 135
54 65 77 57 66 59255 187 220 174
47 58 121 108 117 52 255 190 220 175
48 60 123 102 112 54 255 184 286 222
50 64 92 70 80 58 255 184 286 222
56 69 69 49 53 62 255 186 266 186
55 65 53 39 45 59 255 187 112 95
43 50 91 86 93 47 255 185 90 84
51 58 151 138 144 54 255 188 91 69
68 76 175 166 170 72 255 185 72 66
62 71 163 150 156 63 255 188 104 92
59 69 147 132 139 63 255 184 150 110
65 74 153 139 146 69 255 186 112 100 
66 75 156 142 149 70 255 182 126 104
21 22 117 112 114 21 167 134 5 12
20 21 102 112 114 21 167 134 5 12
21 22 117 112 114 21 167 134 5 12
20 21 102 98 100 20 221 152 4 10
18 19 125 122 123 18 243 159 3 8
17 19 125 121 123 18 148 113 8 10
18 20 126 122 123 18 143 109 8 10
18 20 126 122 124 18 143 111 6 9
18 19 125 121 123 18 230 145 4 9
17 19 125 121 123 18 148 11 8 11
17 18 122 118 120 17 144 122 4 9
17 18 122 118 119 17 148 124 4 9
20 21 121 118 119 18 144 114 8 10
24 25 120 116 118 24 157 123 5 11
23 25 120 115 117 24 162 127 5 11
24 26 119 114 116 24 153 114 10 13
27 28 119 114 116 27 169 130 5 12
28 30 118 113 115 28 156 115 10 12
28 30 113 115 116 29 156 118 8 12
28 30 120 115 117 30 155 119 10 12
29 30 119 114 116 29 158 122 10 11
23 24 117 112 114 23 254 149 5 11
23 24 109 104 106 23 162 122 5 12
29 31 90 85 87 29 217 150 5 10
24 26 82 77 79 24 171 122 12 16
26 28 82 76 79 27 176 125 12 15
31 32 81 75 78 31 170 125 10 15
30 32 86 79 82 31 190 138 14 18
36 30 92 84 88 29 255 172 24 23
36 40 76 66 70 38 255 190 40 39
37 42 91 78 84 39 255 185 65 61
42 49 99 83 91 45 255 186 119 114
55 68 112 91 101 61 255 183 273 243
105 119 187 179 121 74 255 182 126 495
113 119 187 181 127 92 255 182 36 495
94 119 148 114 130 107 255 193 850 692
95 119 125 87 106 107 255 196 925 925
89 119 96 56 75 105 255 193 1160 953
94 119 100 60 79 108 255 199 984 821
104 119 112 71 92 112 255 192 615 588
110 119 117 76 96 114 255 177 369 360
109 119 116 75 96 114 255 180 462 423
95 119 110 69 89 107 255 192 1160 1058
71 101 100 66 80 85 255 179 1020 747
66 93 7 0 82 85 255 179 1020 747
66 93 7 0 69 81 255 179 49 687
84 117 74 41 57 100 255 182 1089 848
98 119 89 51 71 109 255 198 858 802
92 119 112 68 89 106 255 197 1232 1026
85 119 113 69 101 255 183 1512 1237
27 38 23 19 101 23 255 148 44 602
27 37 23 20 102 23 255 148 30 597
27 36 24 21 87 18 255 149 30 600
29 29 24 24 94 0 90 85 0 2
29 30 31 30 98 2 97 90 1 8
13 28 59 57 64 2 86 86 28 1
5 20 70 67 161 4 232 137 28 104
12 28 25 22 116 3 228 148 48 147
0 8 82 63 71 0 84 84 78 1
0 3 72 64 62 0 90 90 24 1
0 2 92 83 87 0 172 120 18 42
1 17 46 44 147 1 172 121 32 1
0 12 47 46 45 5 160 130 0 30
17 17 45 45 43 1 171 122 0 29
27 27 113 111 133 5 229 169 0 397
35 35 134 133 139 5 255 185 0 568
39 39 149 149 120 19 255 188 0 734
25 30 169 167 163 11 255 178 6 849
38 55 94 89 159 41 255 183 2340 849
100 100 139 139 168 28 82 82 0 1
81 84 104 103 168 28 82 82 0 1
81 84 104 103 66 30 80 81 3 1
93 93 71 71 67 61 81 89 30 2342
26 93 71 71 67 61 81 89 30 2342
84 84 29 31 63 36 255 188 0 2486
77 77 39 39 45 30 82 85 0 2573
80 80 93 93 89 1 82 85 0 2573
80 80 93 93 89 1 90 85 0 6
79 79 101 101 136 44 82 81 0 1
86 86 154 154 152 28 255 189 0 1
86 86 152 152 169 34 255 184 0 3
43 57 181 178 138 44 170 115 42 64
27 48 132 129 130 36 167 114 63 3
54 57 181 178 136 31 166 82 12 65
55 55 183 182 130 31 171 115 0 71
43 55 183 182 130 31 171 115 0 71
43 45 183 171 163 35 94 103 2 383
86 86 151 151 126 6 82 82 0 1
84 85 121 121 132 3 80 80 0 1
92 93 43 107 75 0 82 80 0 3
92 93 43 42 27 91 84 83 0 2672
50 54 32 32 14 30 255 183 0 1452
13 13 132 131 131 13 99 94 0 2
13 13 131 131 131 13 86 86 0 1
13 13 131 131 13 81 81 0 1
12 12 135 135 135 12 97 96 0 1
14 14 135 134 134 17 86 86 0 2
16 16 102 102 102 16 95 95 0 1
23 23 160 160 160 23 98 98 0 1
20 22 154 154 154 22 86 86 0 1
16 16 116 116 116 16 91 91 0 1
16 16 93 93 93 16 98 98 0 1
16 17 80 80 80 17 86 86 0 1
18 18 81 81 81 18 87 87 0 1